0.00013499
0.00014890
0.00016411
0.00018071
0.00019884
0.00021860
0.00024012
0.00026354
0.00028901
0.00031667
0.00034670
0.00037926
0.00041453
0.00045271
0.00049400
0.00053861
0.00058677
0.00063872
0.00069469
0.00075494
0.00081975
0.00088940
0.00096419
0.00104441
0.00113038
0.00122245
0.00132094
0.00142621
0.00153863
0.00165858
0.00178644
0.00192262
0.00206752
0.00222156
0.00238518
0.00255881
0.00274289
0.00293790
0.00314428
0.00336250
0.00359303
0.00383636
0.00409295
0.00436329
0.00464787
0.00494715
0.00526161
0.00559174
0.00593799
0.00630084
0.00668072
0.00707809
0.00749337
0.00792698
0.00837933
0.00885080
0.00934175
0.00985253
0.01038347
0.01093486
0.01150697
0.01210005
0.01271432
0.01334995
0.01400711
0.01468591
0.01538642
0.01610871
0.01685276
0.01761855
0.01840601
0.01921502
0.02004542
0.02089701
0.02176954
0.02266274
0.02357625
0.02450971
0.02546269
0.02643473
0.02742531
0.02843388
0.02945985
0.03050257
0.03156137
0.03263552
0.03372427
0.03482683
0.03594236
0.03707000
0.03820886
0.03935801
0.04051651
0.04168338
0.04285763
0.04403823
0.04522416
0.04641436
0.04760778
0.04880335
0.05000000
0.05119665
0.05239222
0.05358564
0.05477584
0.05596177
0.05714237
0.05831662
0.05948349
0.06064199
0.06179114
0.06293000
0.06405764
0.06517317
0.06627573
0.06736448
0.06843863
0.06949743
0.07054015
0.07156612
0.07257469
0.07356527
0.07453731
0.07549029
0.07642375
0.07733726
0.07823046
0.07910299
0.07995458
0.08078498
0.08159399
0.08238145
0.08314724
0.08389129
0.08461358
0.08531409
0.08599289
0.08665005
0.08728568
0.08789995
0.08849303
0.08906514
0.08961653
0.09014747
0.09065825
0.09114920
0.09162067
0.09207302
0.09250663
0.09292191
0.09331928
0.09369916
0.09406201
0.09440826
0.09473839
0.09505285
0.09535213
0.09563671
0.09590705
0.09616364
0.09640697
0.09663750
0.09685572
0.09706210
0.09725711
0.09744119
0.09761482
0.09777844
0.09793248
0.09807738
0.09821356
0.09834142
0.09846137
0.09857379
0.09867906
0.09877755
0.09886962
0.09895559
0.09903581
0.09911060
0.09918025
0.09924506
0.09930531
0.09936128
0.09941323
0.09946139
0.09950600
0.09954729
0.09958547
0.09962074
0.09965330
0.09968333
0.09971099
0.09973646
0.09975988
0.09978140
0.09980116
0.09981929
0.09983589
0.09985110
0.09986501
